accession	snippy_bam_mean_depth	bases	estimated_raw_sequence_coverage	BioHansel_k-mer_coverage	sistr_serovar	coverage_enterobase
ERR1764733	59.07256276	290141250	64.47583333	41.817	Typhi	61
ERR1764845	60.62965621	297308750	66.06861111	44.145	Typhi	62
ERR360447	57.81570947	285869000	63.52644444	38.667	Typhi	60.47
ERR349530	59.01947209	288903400	64.20075556	39.603	Typhi	61.01
ERR331208	78.93614044	408648000	90.81066667	50.028	Typhi	82
ERR331282	88.34059854	439236000	97.608	57.284	Typhi	93
ERR360653	53.76337196	270956000	60.21244444	37	Typhi	57.07
ERR1010006	92.30331624	454122000	100.916	58.861	Typhi	95
ERR357620	63.22004884	311720200	69.27115556	43.529	Typhi	65.02
ERR1764695	80.66285766	393565500	87.459	59.029	Typhi	83
ERR1791820	72.69208867	355523250	79.00516667	53.618	Typhi	75
ERR1082824	143.4941754	708950750	157.5446111	101.736	Typhi	149
ERR360605	59.45510276	294738800	65.49751111	41.794	Typhi	62
ERR338006	71.80237062	352518600	78.33746667	47	Typhi	75
ERR1764669	70.01719242	340332250	75.62938889	51.435	Typhi	71
ERR586798	119.0443511	595878400	132.4174222	76.113	Typhi	124
ERR357759	62.12001904	309357800	68.74617778	41.324	Typhi	64.06
ERR331292	73.93696368	384909600	85.53546667	47.944	Typhi	79.48
ERR1837196	160.6430543	785801750	174.6226111	109.931	Typhi	166
ERR279098	81.02030802	398762800	88.61395556	55.557	Typhi	84.67
ERR1764540	64.94504596	317460250	70.54672222	47.412	Typhi	67
ERR1764801	65.26287883	317147750	70.47727778	47.186	Typhi	67
ERR1891533	48.11432705	240286750	53.39705556	34.884	Typhi	50
ERR460332	103.2376661	511266800	113.6148444	66.086	Typhi	106.09
ERR1791843	76.47627581	375744250	83.49872222	55.786	Typhi	79
ERR657444	120.9127256	597229600	132.7176889	79.167	Typhi	125.41
ERR331327	67.42388632	332649600	73.92213333	43.306	Typhi	71
ERR331333	74.52601425	372451000	82.76688889	50	Typhi	79
ERR1764815	64.06920242	311463000	69.214	48.209	Typhi	66
ERR338103	77.40960571	383236200	85.1636	48.959	Typhi	81.05
ERR1764722	63.4376398	310240250	68.94227778	43.957	Typhi	65
ERR331322	72.99092292	364855200	81.07893333	50.456	Typhi	76.84
ERR357591	64.21761321	326083600	72.46302222	43.261	Typhi	67
ERR1791847	70.75851132	346589500	77.01988889	50.232	Typhi	73
ERR485147	84.70196923	429803000	95.51177778	57.1	Typhi	87.62
ERR338004	76.4689704	378092000	84.02044444	50.529	Typhi	80
ERR1791842	67.17027692	328447250	72.98827778	49.441	Typhi	69
ERR2789239	196.2814873	977781250	217.2847222	133.306	Typhi	205
ERR460235	92.10083952	458314200	101.8476	58.361	Typhi	95.59
ERR1791790	63.68187311	312035250	69.34116667	42.973	Typhi	66
ERR586791	121.6467499	607144000	134.9208889	75.944	Typhi	126.45
ERR1837178	160.980321	790761500	175.7247778	112.887	Typhi	167
ERR360492	56.57300973	286049000	63.56644444	39.676	Typhi	61
ERR420424	143.6946108	728192600	161.8205778	91.338	Typhi	152
ERR352254	76.6003441	377705600	83.93457778	50.557	Typhi	81
ERR360569	54.80292582	270496600	60.11035556	38.647	Typhi	56.87
ERR352263	54.07673948	268410200	59.64671111	36.721	Typhi	57
ERR352892	74.52903461	368206400	81.82364444	51.926	Typhi	77.94
ERR343251	38.01550102	186533200	41.45182222	26.797	Typhi	40
ERR360725	46.97912867	230651200	51.25582222	33.897	Typhi	50.14
ERR343413	39.68312346	196426800	43.6504	27.391	Typhi	41
ERR1764857	63.1129644	308222250	68.49383333	44.652	Typhi	65
ERR326610	71.60658132	359268000	79.83733333	47.536	Typhi	76
ERR340780	138.0033398	693629800	154.1399556	84.646	Typhi	145
ERR357621	60.17464869	296453800	65.87862222	41.706	Typhi	63
ERR460339	101.1803825	502137800	111.5861778	65.3	Typhi	105.02
ERR349559	46.52579612	228095800	50.68795556	30.667	Typhi	47.25
ERR1788773	44.909349	217732250	48.38494444	33.088	Typhi	46
ERR1764761	60.73336637	295347500	65.63277778	45.057	Typhi	62
ERR326626	95.29862528	483471600	107.4381333	60.222	Typhi	103
ERR422828	56.29281455	276359000	61.41311111	37.882	Typhi	58.42
ERR1764673	64.38405173	313037500	69.56388889	47.478	Typhi	66
ERR360637	60.11785811	303769200	67.50426667	40.926	Typhi	65
ERR657420	108.8888187	545131000	121.1402222	71.718	Typhi	112.9
ERR319462	67.48996192	335849400	74.6332	48.353	Typhi	69.95
ERR357801	59.28066388	291313200	64.73626667	40.706	Typhi	61.69
ERR422750	50.65757427	256054000	56.90088889	34.971	Typhi	53.7
ERR586724	92.8665893	464889200	103.3087111	60.595	Typhi	97
ERR204271	255.7103449	1283631000	285.2513333	159.493	Typhi	271
ERR331225	92.57781568	485012600	107.7805778	58.356	Typhi	102.16
ERR1764777	76.1157685	376530750	83.6735	55.928	Typhi	78
ERR360559	62.79544761	332257800	73.83506667	43.162	Typhi	68
ERR1791789	68.10078525	334020250	74.22672222	48.07	Typhi	70
ERR331310	73.88772264	365809600	81.29102222	45.216	Typhi	77.52
ERR343329	41.92418503	204277000	45.39488889	27.725	Typhi	43.32
ERR1764742	61.57989552	301518750	67.00416667	45.957	Typhi	63
ERR586895	98.04378382	509878200	113.3062667	63.391	Typhi	102
ERR326683	79.54402867	397167600	88.25946667	52.971	Typhi	84
ERR1764651	68.2625064	331889250	73.75316667	49.594	Typhi	70
ERR360432	61.88274576	306923600	68.20524444	42.265	Typhi	67
ERR1791777	66.46776309	328445750	72.98794444	48.029	Typhi	68
ERR1788742	54.59692096	264745750	58.83238889	39.101	Typhi	56
ERR279243	92.11486853	461518000	102.5595556	59.507	Typhi	96.49
ERR360371	66.19990385	331598600	73.68857778	46.029	Typhi	71.09
ERR338046	77.13119404	378801600	84.17813333	48.808	Typhi	80.46
ERR360814	49.34847247	242423400	53.87186667	36.029	Typhi	52
ERR1764819	62.4172118	305863000	67.96955556	43.887	Typhi	64
ERR314378	78.0765542	384799200	85.51093333	49.577	Typhi	82
ERR360578	51.41273773	267786600	59.50813333	35.221	Typhi	55
ERR360700	52.39333551	257468000	57.21511111	36.691	Typhi	56
ERR586783	82.97212124	410642600	91.25391111	59.243	Typhi	88.31
ERR360475	54.37285219	267562400	59.45831111	36.706	Typhi	56.89
ERR1791833	71.25347611	347729250	77.27316667	51.296	Typhi	74
ERR2210641	74.27540088	368837614	81.96391422	48.779	Typhi	78
ERR235122	71.49850292	359901200	79.97804444	45.411	Typhi	77
ERR338160	81.78855725	424365000	94.30333333	52.569	Typhi	86
ERR1764735	59.49318835	292579250	65.01761111	43.232	Typhi	61
ERR352717	45.25372294	231653600	51.47857778	30.333	Typhi	46.9
ERR360761	58.08972046	301749200	67.05537778	38.897	Typhi	62
ERR586793	114.4715611	574826600	127.7392444	72.493	Typhi	118.94
ERR1764743	59.13264548	288271000	64.06022222	41.143	Typhi	61
ERR460310	115.7567045	576060600	128.0134667	73.423	Typhi	120.28
ERR1764769	52.89797001	259060750	57.56905556	38.618	Typhi	54
ERR1764572	59.01738789	288563750	64.12527778	41.486	Typhi	61
ERR331298	74.28064392	367310600	81.62457778	49.643	Typhi	77.68
ERR657453	168.3116015	848925800	188.6501778	108.875	Typhi	175
ERR1764842	66.02739031	323594750	71.90994444	47.353	Typhi	68
ERR586792	114.410655	566549400	125.8998667	74.085	Typhi	117.81
ERR1791792	73.39210636	360810750	80.18016667	52.565	Typhi	75
ERR338019	78.44049879	385629000	85.69533333	51.594	Typhi	82
ERR352942	74.72147709	367963600	81.76968889	49.314	Typhi	77.61
ERR357823	52.7389442	259103200	57.57848889	36.956	Typhi	55
ERR460351	92.83342237	460320600	102.2934667	63.956	Typhi	96.51
ERR331218	96.04379983	491173600	109.1496889	58.12	Typhi	104
ERR326620	82.79916104	490025400	108.8945333	52.714	Typhi	104
ERR357623	64.72829987	325296400	72.28808889	43.162	Typhi	66
ERR1764807	61.33635653	300027750	66.67283333	44.941	Typhi	63
ERR338159	66.12441514	341693200	75.93182222	43.275	Typhi	70
ERR360634	60.0241225	298153400	66.25631111	41.265	Typhi	63
ERR279137	105.4784931	527840400	117.2978667	66.359	Typhi	111.25
ERR326687	74.01949746	371393800	82.53195556	49.873	Typhi	79
ERR1764785	73.8305561	361075500	80.239	54.043	Typhi	76
ERR331366	77.675623	382649200	85.03315556	49.746	Typhi	82
ERR326636	101.5173707	537446600	119.4325778	65.8	Typhi	112
ERR338042	120.9533514	598754400	133.0565333	75.757	Typhi	126.28
ERR1764850	70.82614419	346554750	77.01216667	51.217	Typhi	73
ERR1764739	82.0082216	403076000	89.57244444	59.086	Typhi	85
ERR1764532	69.22328753	339211250	75.38027778	49.188	Typhi	71
ERR360680	64.43126763	316394800	70.30995556	44.757	Typhi	68.01
ERR326605	63.80645668	332490600	73.8868	39.472	Typhi	71
ERR1791799	73.19930248	357927750	79.5395	53.456	Typhi	75
ERR331214	90.70063923	463234400	102.9409778	58.932	Typhi	97.54
ERR1764790	64.70998435	318374750	70.74994444	49.368	Typhi	67
ERR460219	108.0883482	537604800	119.4677333	70.857	Typhi	112.04
ERR1764752	58.0692332	284291250	63.17583333	42.662	Typhi	59
ERR1764686	61.27713885	299491000	66.55355556	44.103	Typhi	63
ERR1764856	65.51308027	320569500	71.23766667	45.797	Typhi	67
ERR352416	62.01133553	307244400	68.27653333	42.594	Typhi	64
ERR460334	91.31528329	455989800	101.3310667	57.577	Typhi	94.57
ERR314357	96.29174344	481306800	106.9570667	54.7	Typhi	102
ERR1764714	81.90214028	400865500	89.08122222	62.147	Typhi	84
ERR279182	120.5318853	594452800	132.1006222	72.532	Typhi	126.32
ERR460347	101.5078524	505079800	112.2399556	63.77	Typhi	105.27
ERR1764792	66.80864693	336613000	74.80288889	47.536	Typhi	71
ERR331241	92.94025186	482138400	107.1418667	59.886	Typhi	102.22
ERR1764872	64.13658514	316527000	70.33933333	44.861	Typhi	66
ERR349388	49.79735985	243337600	54.07502222	32.812	Typhi	52.99
ERR586801	100.1327844	505646600	112.3659111	66.914	Typhi	103.94
ERR340766	136.6110791	697785000	155.0633333	85.569	Typhi	147.99
ERR340810	142.0746967	704795800	156.6212889	86.23	Typhi	149
ERR360571	52.05707692	255971400	56.88253333	35.362	Typhi	55
ERR352913	75.81171324	372449800	82.76662222	50.9	Typhi	79
ERR1764723	67.53406971	330242000	73.38711111	49.353	Typhi	69
ERR314381	97.94406968	486513200	108.1140444	62.458	Typhi	104
ERR357756	65.36843676	328556800	73.01262222	43.662	Typhi	67.3
ERR360803	48.17469256	236429600	52.53991111	34.456	Typhi	50
ERR352536	66.74994827	327993800	72.88751111	44.831	Typhi	69.65
ERR1764680	55.72362804	272567250	60.5705	41.324	Typhi	57
ERR338003	71.6058581	351908200	78.20182222	47.843	Typhi	75
ERR1764696	72.90836793	357233750	79.38527778	54.75	Typhi	75
ERR1764833	57.76159156	282868750	62.85972222	42.353	Typhi	59
ERR422796	46.97057186	230746400	51.27697778	32.544	Typhi	48.76
ERR460281	116.8003995	581272400	129.1716444	70.205	Typhi	121.41
ERR340798	155.5620412	781925400	173.7612	100.357	Typhi	164
ERR1764690	66.84380054	326884000	72.64088889	48.129	Typhi	69
ERR460343	77.59819232	390000600	86.6668	50.632	Typhi	80.22
ERR331320	84.7592308	428594200	95.24315556	53.792	Typhi	89.06
ERR340804	166.7865593	828856600	184.1903556	104.403	Typhi	174
ERR314379	93.4047721	463792000	103.0648889	61.971	Typhi	99
ERR360517	44.99325832	226299400	50.28875556	32.779	Typhi	45.87
ERR349332	49.87911239	243712800	54.1584	32.667	Typhi	51.56
ERR338153	105.1844442	529867600	117.7483556	62.395	Typhi	111
ERR360775	42.0789027	215342000	47.85377778	29.176	Typhi	44
ERR349534	52.76404528	265128200	58.91737778	34.735	Typhi	53.71
ERR1764740	74.40657433	361963000	80.43622222	53.029	Typhi	76
ERR326654	86.46167871	456916000	101.5368889	54.027	Typhi	97
ERR360611	56.64094038	281306800	62.51262222	39.75	Typhi	60
ERR213267	297.4471918	1498442200	332.9871556	187.425	Typhi	317
ERR467108	107.9389857	565064200	125.5698222	75.246	Typhi	116.34
ERR340792	144.2218003	714597000	158.7993333	83.079	Typhi	151
ERR352650	57.45680684	287373400	63.86075556	38.886	Typhi	1
ERR586910	94.48217325	512937400	113.9860889	60.754	Typhi	102
ERR1837151	143.7956352	702997500	156.2216667	98.589	Typhi	149
ERR340771	148.899777	777884600	172.8632444	98.014	Typhi	157
ERR586797	111.1036657	558675600	124.1501333	70.732	Typhi	115.42
ERR1791779	70.10315329	343458250	76.32405556	49.571	Typhi	72
ERR1764703	81.76486997	401035500	89.119	60.735	Typhi	84
ERR349397	50.19659778	246520000	54.78222222	33.926	Typhi	51.96
ERR338127	96.95582567	486989800	108.2199556	60.288	Typhi	100.77
ERR1764864	59.6625131	291261000	64.72466667	45.074	Typhi	61
ERR1764859	65.3058446	325981250	72.44027778	47.853	Typhi	67
ERR360489	48.81607773	243749600	54.16657778	34.179	Typhi	53
ERR460265	109.7588149	546404200	121.4231556	68.625	Typhi	113.84
ERR1764676	64.19589889	314069250	69.79316667	46.941	Typhi	66
ERR360617	57.41988344	281495400	62.55453333	38.043	Typhi	60
ERR1764779	69.81980155	344112250	76.46938889	50.435	Typhi	71
ERR360373	56.75449887	282311400	62.73586667	39.324	Typhi	61.61
ERR460312	104.2044353	517100200	114.9111556	68.971	Typhi	108.55
ERR338064	66.74736938	344608800	76.57973333	44.304	Typhi	72.87
ERR360766	50.08515405	252056000	56.01244444	35.116	Typhi	51.02
ERR1764549	69.39599924	339289250	75.39761111	51.246	Typhi	71
ERR360575	68.06516627	337190000	74.93111111	44.614	Typhi	70.53
ERR343277	37.66409429	186813400	41.51408889	25.768	Typhi	39.4
ERR331304	73.01823234	361384000	80.30755556	44.521	Typhi	76.17
ERR1764659	63.20094543	341474750	75.88327778	44.571	Typhi	70
ERR352269	61.36160899	301399400	66.97764444	39.912	Typhi	64
ERR460214	112.999973	562063200	124.9029333	73.464	Typhi	117.3
ERR1837136	195.6388194	956530250	212.5622778	146.643	Typhi	209
ERR279117	108.8961778	538726000	119.7168889	70.649	Typhi	113.66
ERR331280	87.02609088	432160600	96.03568889	56.394	Typhi	92
ERR1764694	61.29283014	300731750	66.82927778	43.229	Typhi	63
ERR357416	80.54069515	396893200	88.19848889	56.464	Typhi	85
ERR337993	55.3888737	305597800	67.91062222	35.789	Typhi	65
ERR360696	56.01590069	286848400	63.74408889	40.5	Typhi	60
ERR343283	42.72716908	208671000	46.37133333	29.044	Typhi	44.78
ERR326665	64.21720918	316706400	70.3792	41.466	Typhi	68
ERR314367	92.16942581	455055600	101.1234667	61.391	Typhi	97
ERR1764869	66.314773	324408000	72.09066667	47.794	Typhi	68
ERR439112	83.86403411	418404200	92.97871111	56.779	Typhi	85.33
ERR1764701	68.1440987	334163500	74.25855556	50	Typhi	70
ERR1788739	54.62976413	267031500	59.34033333	39.6	Typhi	56
ERR326672	82.06432889	402624800	89.47217778	53.783	Typhi	86
ERR1079293	34.62851003	191305177	42.51226156	29.072	Typhi	41
ERR1010014	101.6015329	500135000	111.1411111	67.971	Typhi	104
ERR331300	71.48501457	352165400	78.25897778	47.783	Typhi	74.88
ERR360383	53.20790524	264419200	58.75982222	37.279	Typhi	57.23
ERR360531	59.18772241	291145000	64.69888889	41.235	Typhi	63.07
ERR467116	120.1107977	614323000	136.5162222	78.722	Typhi	128.68
ERR279134	107.0039299	529148000	117.5884444	71.23	Typhi	111.66
ERR1764534	69.86281203	342299000	76.06644444	50.559	Typhi	72
ERR360635	52.73120481	258321200	57.40471111	37.824	Typhi	57
ERR352337	83.35586626	410796200	91.28804444	56.116	Typhi	88
ERR326623	92.04603437	470870400	104.6378667	62.7	Typhi	100
ERR460374	82.53446231	432762200	96.16937778	51.767	Typhi	87.36
ERR340814	115.2932491	654340800	145.4090667	73.042	Typhi	138.25
ERR326614	72.79003863	370975200	82.43893333	45.403	Typhi	79
ERR352521	70.01708887	349610400	77.6912	46.803	Typhi	72.96
ERR331381	63.34622004	311291800	69.17595556	41.887	Typhi	67
ERR340816	137.8105704	688829400	153.0732	86.694	Typhi	151.11
ERR360830	50.26319199	248094600	55.13213333	34.662	Typhi	53
ERR331295	73.11381801	372059400	82.67986667	46	Typhi	77.18
ERR1791763	71.47944963	349857750	77.74616667	53.235	Typhi	74
ERR279189	92.64895675	458367800	101.8595111	63.471	Typhi	96.65
ERR1764793	61.99075241	306402500	68.08944444	44.957	Typhi	63
ERR460213	118.9838907	595022200	132.2271556	75.211	Typhi	125
ERR360439	62.31550225	307980400	68.44008889	43.191	Typhi	65.3
ERR460326	108.2428457	540668400	120.1485333	66	Typhi	112.32
ERR2602783	53.15377195	304693840	67.70974222	37.479	Typhi	62
ERR1791781	75.16590078	367675250	81.70561111	54.043	Typhi	78
ERR357421	86.64412272	425427800	94.53951111	61.812	Typhi	89.97
ERR357584	67.1339709	330919600	73.53768889	43.746	Typhi	69
ERR352396	67.2643548	333158400	74.0352	45.279	Typhi	69
ERR326655	101.3358533	502339400	111.6309778	66.972	Typhi	106
ERR1791771	74.2844241	364765500	81.059	52.333	Typhi	76
ERR338115	89.32314682	449340600	99.85346667	58.386	Typhi	92.94
ERR357741	62.42615621	308378600	68.52857778	42.132	Typhi	66
ERR331370	65.38068432	322557000	71.67933333	42.352	Typhi	69
ERR352643	50.68711948	256368800	56.97084444	34.268	Typhi	54
ERR360498	50.5341978	251834800	55.96328889	33.229	Typhi	53
ERR338030	72.9797134	361103000	80.24511111	47.783	Typhi	77
ERR460324	107.0187674	533084400	118.4632	64.919	Typhi	111.38
ERR340763	173.7150683	962651800	213.9226222	107.184	Typhi	194
ERR1764699	73.03682296	361790750	80.39794444	50.62	Typhi	75
ERR1791829	57.683897	285129500	63.36211111	42.779	Typhi	59
ERR460228	85.01279466	468169600	104.0376889	53.714	Typhi	97.09
ERR422749	52.65884812	258722000	57.49377778	37.191	Typhi	55
ERR586804	104.0814327	526204600	116.9343556	69.623	Typhi	109.45
ERR467084	79.60867737	409810800	91.06906667	52.514	Typhi	85.82
ERR352555	71.70667495	350480200	77.88448889	48.721	Typhi	77
ERR360704	49.6525687	247625000	55.02777778	36.176	Typhi	54
ERR326664	82.88706388	416097200	92.46604444	54.114	Typhi	87
ERR331212	86.57456056	452953400	100.6563111	53.171	Typhi	95.46
ERR1082895	117.0422463	573681500	127.4847778	77.164	Typhi	122
ERR349558	48.4575467	236741800	52.60928889	33.309	Typhi	49.43
ERR1791860	85.1788017	428175000	95.15	60.044	Typhi	89
ERR357600	56.36587949	278506400	61.89031111	39.221	Typhi	58
ERR360681	59.76305589	296504400	65.88986667	41.912	Typhi	64
ERR1764763	73.90261106	361319750	80.29327778	53.765	Typhi	76
ERR460318	116.4312003	588029600	130.6732444	74.8	Typhi	125
ERR352574	65.08208151	323220400	71.82675556	43.257	Typhi	69
ERR338028	75.20809863	369320200	82.07115556	49.113	Typhi	78.62
ERR360822	47.40732292	233009800	51.77995556	33.478	Typhi	49.15
ERR338020	67.93695349	354706000	78.82355556	44.843	Typhi	72.39
ERR343376	36.9192462	180345000	40.07666667	24.676	Typhi	38.56
ERR357716	62.21868661	306013200	68.00293333	43.353	Typhi	64
ERR338123	91.3935212	459355200	102.0789333	56.347	Typhi	95.06
ERR439120	88.56023129	441462000	98.10266667	60.329	Typhi	91.93
ERR360411	60.53167505	301188000	66.93066667	42.368	Typhi	66
ERR1764729	61.40520691	300436750	66.76372222	43.265	Typhi	63
ERR460297	122.4336773	610275800	135.6168444	79.243	Typhi	127.17
ERR349542	46.57457512	226570800	50.34906667	30.71	Typhi	47.34
ERR331341	64.29372242	317664600	70.59213333	41.486	Typhi	68
ERR657454	137.2032817	703349400	156.2998667	87.569	Typhi	153
ERR357641	75.63617373	373242800	82.94284444	52.309	Typhi	79
ERR360548	57.62250031	283858000	63.07955556	39.118	Typhi	60
ERR1764774	64.77672432	320619250	71.24872222	45.775	Typhi	67
ERR1764776	54.76925588	268301500	59.62255556	38.691	Typhi	56
ERR460355	111.2382868	556612600	123.6916889	73.217	Typhi	119.7
ERR1764863	68.0918816	341743000	75.94288889	48.377	Typhi	72
ERR360546	65.72539825	324434400	72.09653333	44.696	Typhi	69
ERR326637	78.38113535	391696400	87.04364444	48.608	Typhi	83
ERR357580	73.51309524	381407200	84.75715556	49.279	Typhi	77.91
ERR360743	46.5281598	236662600	52.59168889	32.074	Typhi	47.92
ERR340793	174.5735658	908127200	201.8060444	116.378	Typhi	192
ERR586794	105.5007479	545671600	121.2603556	68.229	Typhi	111.01
ERR357653	59.94385238	308626400	68.58364444	41.75	Typhi	62
ERR331294	74.70834639	379377200	84.30604444	47.644	Typhi	1
ERR360975	82.73640689	424714000	94.38088889	57	Typhi	87
ERR326598	67.47212987	342324600	76.07213333	44.913	Typhi	72
ERR349613	46.72839739	235308400	52.29075556	31.426	Typhi	47.14
ERR1791802	68.85096871	340077000	75.57266667	49.586	Typhi	71
ERR1764808	63.28072252	310986500	69.10811111	45.681	Typhi	65
ERR360585	59.46133166	294662600	65.48057778	40.143	Typhi	63
ERR2213879	209.1359387	1039901500	231.0892222	141.712	Typhi	216
ERR357581	77.70026639	387543800	86.12084444	54.652	Typhi	82
ERR349480	51.68408769	255283800	56.72973333	35.217	Typhi	53.39
ERR1791791	67.02185011	329813500	73.29188889	48.225	Typhi	69
ERR460353	97.29937324	484538200	107.6751556	63.736	Typhi	104.29
ERR1764831	60.81587935	297896000	66.19911111	43.486	Typhi	62
ERR326649	89.87875847	481126400	106.9169778	58.7	Typhi	102
ERR360372	65.27123081	324964800	72.2144	46.338	Typhi	70.44
ERR352711	46.56446166	238738000	53.05288889	31.058	Typhi	48.34
ERR420426	146.1529585	741708600	164.8241333	89.444	Typhi	155
ERR1791768	76.46587394	393837500	87.51944444	55.159	Typhi	81
ERR360593	60.5586867	299248400	66.49964444	40.657	Typhi	63.37
ERR1764574	61.73241379	302462500	67.21388889	43.571	Typhi	63
ERR357451	73.68268366	362566400	80.57031111	49.743	Typhi	76.44
ERR1082888	135.6035481	666944750	148.2099444	96.471	Typhi	141
ERR331261	87.45530176	489413800	108.7586222	54.838	Typhi	104
ERR1791769	71.55686014	349635750	77.69683333	50.271	Typhi	73
ERR338105	85.60682399	433687200	96.37493333	53.63	Typhi	89.65
ERR1791797	72.59589165	363097000	80.68822222	52.486	Typhi	76
ERR1791812	68.87793003	337374750	74.97216667	50.071	Typhi	71
ERR1010076	87.22309789	434944800	96.6544	58.603	Typhi	90
ERR1791854	79.10294452	385485750	85.6635	57.721	Typhi	81
ERR331240	86.81261633	467611600	103.9136889	52.577	Typhi	98.5
ERR420414	90.120835	462583800	102.7964	56.817	Typhi	94.01
ERR1010007	110.3159618	549892200	122.1982667	72.577	Typhi	113
ERR586718	97.0584275	488390200	108.5311556	64.551	Typhi	101
ERR352705	46.10821792	226842800	50.40951111	30.232	Typhi	47.87
ERR340815	132.695559	701694800	155.9321778	87.129	Typhi	141.87
ERR360795	55.18110861	271280000	60.28444444	38.986	Typhi	56
ERR1764804	67.05290768	331481750	73.66261111	48.809	Typhi	69
ERR360737	50.46662045	248196800	55.15484444	35.588	Typhi	53
ERR360606	58.37840591	289204800	64.26773333	39.768	Typhi	61.04
ERR1036217	103.4225517	512445900	113.8768667	81.471	Typhi	108
ERR357457	66.54335036	326720400	72.60453333	45.217	Typhi	69.19
ERR326638	89.56339284	451585800	100.3524	55.406	Typhi	96
ERR349532	48.40367812	236565600	52.57013333	31.87	Typhi	50.07
ERR352527	71.63313882	350756600	77.94591111	48.956	Typhi	77
ERR326686	59.94055546	294643200	65.47626667	39.225	Typhi	63
ERR1010015	105.4458466	519463400	115.4363111	66.534	Typhi	109
ERR338040	71.42860244	350835800	77.96351111	46.686	Typhi	74.87
ERR420416	95.97959654	487804800	108.4010667	61.101	Typhi	102.29
ERR460315	104.2571434	547372600	121.6383556	62.658	Typhi	109.61
ERR1764818	63.35963396	308998750	68.66638889	45.203	Typhi	65
ERR352311	60.89243106	299815600	66.62568889	41.926	Typhi	64
ERR1764731	74.88607532	366450000	81.43333333	54.882	Typhi	77
ERR294858	178.6909533	881950400	195.9889778	114.871	Typhi	1
ERR340769	168.4089	833678200	185.2618222	97.618	Typhi	175
ERR357442	63.27254209	310273400	68.94964444	44.235	Typhi	65.72
ERR1788767	46.45983843	225195000	50.04333333	34.956	Typhi	47
ERR340781	144.9150279	721053800	160.2341778	90.027	Typhi	151
ERR1788743	55.17459525	268606000	59.69022222	40.088	Typhi	56
ERR352302	68.49453747	338835800	75.29684444	45.929	Typhi	72
ERR1764838	64.52579903	315734750	70.16327778	46.176	Typhi	66
ERR314328	94.15105207	467071200	103.7936	59.817	Typhi	98.92
ERR360763	58.76260715	296783200	65.95182222	41.794	Typhi	61
ERR460323	102.9090047	510993800	113.5541778	66.371	Typhi	106.82
ERR360777	54.56042322	290992200	64.66493333	36.362	Typhi	59
ERR360404	54.07194164	268173400	59.59408889	37.294	Typhi	59
ERR1764882	61.9621708	310589500	69.01988889	45.559	Typhi	65
ERR331335	68.99944376	353314400	78.51431111	47.691	Typhi	72
ERR1764691	72.60948918	355001500	78.88922222	52.074	Typhi	75
ERR352941	81.60135907	403408200	89.64626667	55.206	Typhi	85.03
ERR1791803	75.37475361	366337750	81.40838889	53.366	Typhi	77
ERR360568	60.0239653	308889600	68.64213333	39.971	Typhi	64
ERR331317	84.13627032	416257400	92.50164444	54.254	Typhi	88.22
ERR1791806	65.17532429	327322750	72.73838889	47.348	Typhi	68
ERR1764879	65.72118888	320985750	71.33016667	47.843	Typhi	68
ERR352501	68.23463804	335598400	74.57742222	46.13	Typhi	70
ERR338047	86.65806439	425844800	94.63217778	57.362	Typhi	90.56
ERR230430	51.25316711	259379400	57.63986667	33.3	Typhi	55
ERR1764571	66.14393817	323400500	71.86677778	47.957	Typhi	68
ERR1788845	41.35013455	200497250	44.55494444	30.116	Typhi	42
ERR338010	56.48477398	277002000	61.556	37.155	Typhi	59
ERR360401	56.20623963	277956800	61.76817778	38.691	Typhi	61
ERR352255	115.4122175	572288000	127.1751111	76.429	Typhi	122.27
ERR657381	117.8146007	581910000	129.3133333	76.086	Typhi	122.08
ERR422811	62.53782472	307137000	68.25266667	44.103	Typhi	64.88
ERR326685	51.29417241	252239200	56.05315556	33	Typhi	54
ERR1764865	71.25240729	347909250	77.31316667	52.162	Typhi	73
ERR1764664	70.83842191	349404000	77.64533333	51.794	Typhi	73
ERR360496	57.61148978	283143600	62.9208	40.391	Typhi	61
ERR1788752	53.30452521	258467750	57.43727778	41.397	Typhi	55
ERR2093325	145.6591848	745421000	165.6491111	121.614	Typhi	155
ERR279187	101.113215	498187000	110.7082222	69.086	Typhi	105.86
ERR460372	114.1242814	595443400	132.3207556	73.639	Typhi	122
ERR1764844	61.83233171	300496750	66.77705556	45.149	Typhi	64
ERR1764744	59.60381777	298406000	66.31244444	44.176	Typhi	61
ERR1764736	60.2621267	296672500	65.92722222	44.132	Typhi	62
ERR460338	95.37320362	476065200	105.7922667	62.667	Typhi	98.95
ERR352903	76.34312504	375054200	83.34537778	50.043	Typhi	80
ERR338008	68.21990328	335734600	74.60768889	42.918	Typhi	72
ERR1764682	69.82452162	341351250	75.85583333	51.118	Typhi	72
ERR420433	106.9084135	538232600	119.6072444	64	Typhi	113.66
ERR326684	78.59478291	405942000	90.20933333	49.233	Typhi	86
ERR460354	101.0104705	502653800	111.7008444	63.319	Typhi	105.1
ERR467094	106.388804	540333000	120.074	70.783	Typhi	113.56
ERR331337	66.6733267	342432600	76.09613333	39.819	Typhi	73
ERR1764789	66.9435677	327611500	72.80255556	50.478	Typhi	71
ERR1788816	44.29965688	216668500	48.14855556	32.176	Typhi	45
ERR1764374	65.26098801	322068250	71.57072222	44.942	Typhi	67
ERR349486	53.93145488	263619200	58.58204444	36.132	Typhi	55.77
ERR331315	66.98840204	346163400	76.9252	39.465	Typhi	73.26
ERR1764871	72.1830144	352773250	78.39405556	51.643	Typhi	74
ERR1791796	77.48874546	379595500	84.35455556	58.206	Typhi	80
ERR662778	201.9832291	1005348400	223.4107556	123.554	Typhi	209.83
ERR586891	104.3868565	544609000	121.0242222	68.338	Typhi	110
ERR360636	63.72383244	326805200	72.62337778	43.721	Typhi	68
ERR352640	53.39531615	270383600	60.08524444	36.29	Typhi	55
ERR1764536	70.13496881	343563250	76.34738889	48.465	Typhi	72
ERR1837222	132.3919575	650218500	144.493	91.653	Typhi	137
ERR2030248	49.32268768	244145050	54.25445556	28.986	Typhi	51
ERR360433	54.28552951	269529800	59.89551111	36.985	Typhi	59
ERR338039	82.02516595	406210200	90.26893333	53.2	Typhi	85.57
ERR352871	56.61078486	276688200	61.48626667	39.362	Typhi	56.93
ERR314346	94.28261542	466692400	103.7094222	58.239	Typhi	99
ERR1764767	61.75599418	314609250	69.91316667	44.015	Typhi	65
ERR349395	49.45211671	240332400	53.4072	34.397	Typhi	52.16
ERR213263	279.5448523	1408073200	312.9051556	175.452	Typhi	297
ERR1791765	75.96940177	372173500	82.70522222	54.729	Typhi	78
ERR360576	52.41659713	258575600	57.46124444	35.348	Typhi	54.26
ERR1764868	60.21677271	292646750	65.03261111	44.353	Typhi	62
ERR326677	74.49467305	371780600	82.61791111	48.11	Typhi	78
ERR2213818	168.8465897	833714750	185.2699444	106.592	Typhi	175
ERR1764754	76.31009285	373652000	83.03377778	54.456	Typhi	78
ERR1791795	79.20636564	387847000	86.18822222	58.324	Typhi	82
ERR331389	58.44408371	295122000	65.58266667	39.014	Typhi	60.77
ERR1791818	66.72363365	327674500	72.81655556	46.472	Typhi	68
ERR460352	96.83704367	480467600	106.7705778	64.13	Typhi	103.77
ERR331220	104.0910455	525367600	116.7483556	68.309	Typhi	112
ERR1010045	84.1602221	420320400	93.40453333	53.444	Typhi	86
ERR357809	63.37245981	312085400	69.35231111	43.897	Typhi	65.86
ERR460330	94.69252035	473283000	105.174	59.127	Typhi	101.13
ERR357558	57.01023448	284628800	63.25084444	39.42	Typhi	60.07
ERR460344	82.78149742	412565000	91.68111111	54.071	Typhi	85.75
ERR279154	122.1864972	603593400	134.1318667	74.72	Typhi	128.2
ERR279217	61.30147761	309169400	68.70431111	41.072	Typhi	65
ERR343256	39.66240892	194021800	43.11595556	26.515	Typhi	41.78
ERR1791831	62.41214717	309397000	68.75488889	44.729	Typhi	64
ERR337990	66.47074102	351969200	78.21537778	43.676	Typhi	73
ERR1764716	62.63689321	317131500	70.47366667	44.841	Typhi	64
ERR314362	94.34032801	467562000	103.9026667	60	Typhi	99
ERR1764713	72.17746609	352840250	78.40894444	51.186	Typhi	74
ERR1082898	156.9152997	773148500	171.8107778	113.563	Typhi	165
ERR1764756	77.54306985	379342250	84.29827778	53.792	Typhi	80
ERR1764748	71.52729705	352585500	78.35233333	52.3	Typhi	73
ERR349374	50.17949955	243614200	54.13648889	32.681	Typhi	54
ERR314380	102.6740171	514458800	114.3241778	63.444	Typhi	109
ERR2789310	198.4753056	995154500	221.1454444	135.329	Typhi	206
ERR360425	54.75632398	273469600	60.77102222	37.058	Typhi	59.22
ERR422818	58.88832816	289402600	64.31168889	40.029	Typhi	61.13
ERR352559	67.17835109	328962600	73.1028	46.029	Typhi	72
ERR1764717	54.55300947	267852250	59.52272222	38.928	Typhi	56
ERR326634	87.5602211	443788600	98.61968889	56.257	Typhi	97
ERR1764858	66.26056027	324823000	72.18288889	48.515	Typhi	68
ERR326667	84.56339492	427520000	95.00444444	61.353	Typhi	91
ERR360522	54.80778127	271303800	60.28973333	37.099	Typhi	57.35
ERR460345	89.46689992	446707000	99.26822222	56.958	Typhi	93
ERR1764539	59.24667413	290318250	64.51516667	41.485	Typhi	61
ERR1791775	65.44915375	320127000	71.13933333	47.897	Typhi	67
ERR352290	54.17197539	266968600	59.32635556	34.729	Typhi	57
ERR360426	54.26197906	292013400	64.89186667	38.045	Typhi	62
ERR1764564	65.1973418	318729750	70.82883333	45.986	Typhi	67
ERR1764663	70.38662002	352950250	78.43338889	49.71	Typhi	73
ERR1764758	77.09298681	377289500	83.84211111	55.671	Typhi	79
ERR337996	63.66862659	318834600	70.85213333	42.056	Typhi	68
ERR1764788	64.17401738	313093000	69.57622222	45.725	Typhi	66
ERR586911	91.84333558	453103400	100.6896444	58.528	Typhi	96
ERR1764878	73.6419227	358057000	79.56822222	55	Typhi	76
ERR1764698	72.12352411	353407000	78.53488889	52.471	Typhi	74
ERR1764706	82.67040865	404905750	89.97905556	58.884	Typhi	85
ERR279177	122.4107891	607118400	134.9152	80.931	Typhi	128.01
ERR1788778	49.93771393	244426750	54.31705556	37.294	Typhi	51
ERR360384	51.09517872	252192400	56.04275556	35.147	Typhi	55
ERR1764665	66.61954254	326578500	72.573	46.821	Typhi	69
ERR460236	95.81610206	477090200	106.0200444	62.043	Typhi	99.51
ERR360672	63.31965256	317029000	70.45088889	43.493	Typhi	67.3
ERR357477	69.59482844	341626600	75.91702222	47.559	Typhi	72.32
ERR1764666	71.97927756	349979000	77.77311111	51.559	Typhi	73
ERR360967	126.2508702	661791400	147.0647556	84.657	Typhi	135.33
ERR353331	83.71838021	411501200	91.44471111	57.754	Typhi	86.51
ERR360729	44.84182447	220014200	48.89204444	31.956	Typhi	47.51
ERR1010145	86.58390942	427884200	95.08537778	58	Typhi	89
ERR1791770	62.18749596	302254500	67.16766667	47.343	Typhi	64
ERR1764812	68.64327141	336204500	74.71211111	49.348	Typhi	70
ERR1764555	62.81404676	307804750	68.40105556	44.942	Typhi	64
ERR1791832	66.2259182	325400250	72.31116667	47.986	Typhi	68
ERR1791783	73.47855777	357086500	79.35255556	53.826	Typhi	76
ERR343328	39.62613575	193800400	43.06675556	27.456	Typhi	1
ERR467090	86.67155275	453907200	100.8682667	58.609	Typhi	92.41
ERR360627	64.39351059	339839800	75.51995556	43.043	Typhi	70
ERR657377	112.6952743	561039200	124.6753778	75.971	Typhi	116.81
ERR360615	53.97904716	283465400	62.99231111	36.159	Typhi	58
ERR1764693	56.30033206	284533250	63.22961111	41.765	Typhi	59
ERR338016	73.53850698	361995800	80.44351111	48.928	Typhi	77
ERR352336	68.4448244	336487000	74.77488889	46.014	Typhi	73
ERR1764687	59.72626432	291930250	64.87338889	43.662	Typhi	61
ERR460243	77.25042477	383694800	85.26551111	49.408	Typhi	80.13
ERR331376	98.78283178	489473600	108.7719111	64.225	Typhi	103
ERR1764654	67.36530619	330227500	73.38388889	49.609	Typhi	69
ERR460331	100.9018847	510006000	113.3346667	64.07	Typhi	106
ERR657451	36.81091911	181181800	40.26262222	23.725	Typhi	38.09
ERR357444	67.71563829	332558600	73.90191111	46.884	Typhi	70.37
ERR439199	92.56832522	454760600	101.0579111	64.203	Typhi	98.99
ERR1764545	69.32533977	338553750	75.23416667	50	Typhi	71
ERR1791834	69.1935662	347291000	77.17577778	50.507	Typhi	73
ERR279111	94.64371224	465867600	103.5261333	63.514	Typhi	98.96
ERR1764725	59.2258866	289477250	64.32827778	43.754	Typhi	61
ERR360400	49.67292849	252253600	56.05635556	34.456	Typhi	54
ERR467105	94.79313987	485465400	107.8812	64.768	Typhi	100.63
ERR360778	55.32403868	281642600	62.58724444	36.757	Typhi	58
ERR352671	55.1147604	270170400	60.03786667	36.957	Typhi	59
ERR1556177	140.4597667	691585750	153.6857222	104.543	Typhi	146
ERR1764556	64.37532545	314795750	69.95461111	47	Typhi	66
ERR360584	66.10302021	332230800	73.82906667	45.942	Typhi	69.65
ERR331243	97.2045711	510568600	113.4596889	62.577	Typhi	107.73
ERR1837242	161.8991258	791972000	175.9937778	112.347	Typhi	168
ERR352890	67.45697091	329637000	73.25266667	46.912	Typhi	69.43
ERR360539	58.76142978	290388000	64.53066667	38.485	Typhi	62
ERR319418	79.79750229	392167000	87.14822222	51.362	Typhi	82.42
ERR338017	59.9982903	297473800	66.10528889	37.847	Typhi	63
ERR1764721	69.42685968	338341250	75.18694444	49.71	Typhi	72
ERR1764692	59.6958441	291867250	64.85938889	44.074	Typhi	61
ERR586725	90.51170037	455295000	101.1766667	58.394	Typhi	94
ERR1764561	85.03953265	416059250	92.45761111	62	Typhi	87
ERR1837202	168.6925854	831645750	184.8101667	124.045	Typhi	175
ERR314383	97.02648701	487441600	108.3203556	60.178	Typhi	103
ERR357427	58.15827763	287959400	63.99097778	39.544	Typhi	60.64
ERR1764874	66.57266247	327267250	72.72605556	47.647	Typhi	68
ERR326653	104.3781038	522377000	116.0837778	66.466	Typhi	110
ERR314361	93.85535482	474349200	105.4109333	59.366	Typhi	101
ERR212647	72.16077522	358068800	79.57084444	47.069	Typhi	76.46
ERR360506	62.25128794	307443800	68.32084444	42.721	Typhi	65.43
ERR326608	78.57613822	401495400	89.2212	48.069	Typhi	85
ERR360686	56.44837605	293740600	65.27568889	40.882	Typhi	61
ERR349535	50.92391367	256591200	57.02026667	32.739	Typhi	53.09
ERR352299	55.14142956	279978800	62.21751111	36.971	Typhi	60
ERR326663	84.6498877	421071600	93.57146667	52.315	Typhi	89
ERR314363	100.2513189	496310600	110.2912444	62.658	Typhi	105
ERR1764718	56.81945304	277622250	61.69383333	39.478	Typhi	58
ERR460350	99.48732355	493209000	109.602	61.917	Typhi	103.75
ERR357768	58.98799947	289737400	64.38608889	39.926	Typhi	62
ERR360487	45.50387032	229901000	51.08911111	30.754	Typhi	49
ERR331329	82.5856946	407525600	90.56124444	52.569	Typhi	86
ERR349439	47.65325615	233204200	51.82315556	33.058	Typhi	47.98
ERR460252	90.39417517	449778200	99.95071111	57.535	Typhi	93.83
ERR338162	74.00269326	393883600	87.52968889	51.129	Typhi	83
ERR1791840	64.07767834	320412000	71.20266667	46.868	Typhi	67
ERR314366	91.33969691	454039200	100.8976	60.441	Typhi	95.65
ERR338052	72.07814018	371542200	82.56493333	45.671	Typhi	78.29
ERR1764566	58.59833268	287829000	63.962	41.667	Typhi	60
ERR1764575	57.65696438	281735250	62.60783333	42.725	Typhi	59
ERR1764652	60.24259535	295178500	65.59522222	41.449	Typhi	62
ERR1764700	74.52571752	363592750	80.79838889	53.714	Typhi	77
ERR349376	42.59311022	207942400	46.20942222	27.971	Typhi	46
ERR357630	69.87812778	344305000	76.51222222	45.352	Typhi	72.1
ERR1764719	60.93368735	303280000	67.39555556	43.507	Typhi	63
ERR1764827	73.62065794	359447500	79.87722222	52.514	Typhi	76
ERR338029	73.8232432	362636200	80.58582222	47.366	Typhi	77.07
ERR338113	102.8793721	510196200	113.3769333	63.11	Typhi	107.9
ERR2789308	172.7705002	877546500	195.0103333	116.535	Typhi	180
ERR338152	99.14750105	516417400	114.7594222	64.169	Typhi	105
ERR352465	64.42292438	316892800	70.42062222	45.072	Typhi	70
ERR1764770	67.29297321	333995500	74.22122222	50.044	Typhi	69
ERR360656	69.28380152	346030600	76.89568889	48.75	Typhi	73.13
ERR338097	97.56764837	484047800	107.5661778	61.643	Typhi	102.38
ERR1764730	65.96302711	332379000	73.862	47.754	Typhi	70
ERR1764839	64.73449882	316695250	70.37672222	48.116	Typhi	67
ERR331361	63.98572188	343153000	76.25622222	46.681	Typhi	73
ERR357780	54.50934355	272837200	60.63048889	35.671	Typhi	57.55
ERR352338	62.76517294	308407600	68.53502222	41.855	Typhi	65.28
ERR338050	78.80479834	394177400	87.59497778	54.043	Typhi	85.65
ERR1764568	59.65847674	291650000	64.81111111	44.588	Typhi	61
ERR1764712	77.1246628	376984000	83.77422222	58.118	Typhi	79
ERR1791784	77.41820202	377285250	83.84116667	56.275	Typhi	79
ERR1791848	71.9391059	355361250	78.96916667	51.956	Typhi	74
ERR338135	94.29519112	487327200	108.2949333	56.684	Typhi	98.59
ERR1764672	66.52253954	327139750	72.69772222	48.118	Typhi	68
ERR357578	78.51024457	391708200	87.04626667	51.739	Typhi	83
ERR338009	73.69121136	361700200	80.37782222	46.239	Typhi	77
ERR360536	61.83231528	306028600	68.00635556	43.928	Typhi	65
ERR2789241	186.1172097	927491250	206.1091667	128.886	Typhi	194
ERR314365	103.0856758	512476800	113.8837333	71.544	Typhi	109
ERR1764559	67.54474316	330940000	73.54222222	47.829	Typhi	69
ERR360574	63.82995806	313861200	69.74693333	43.618	Typhi	66.11
ERR331358	66.95593712	331813200	73.73626667	43.394	Typhi	70
ERR338024	68.32366937	335750000	74.61111111	44.071	Typhi	71.19
ERR1764854	61.9680855	301187000	66.93044444	44.042	Typhi	64
ERR343301	38.11855139	186561400	41.45808889	25.779	Typhi	40
ERR1764811	66.63961142	326052500	72.45611111	47.493	Typhi	69
ERR352588	63.70225369	311497000	69.22155556	44.206	Typhi	67.67
ERR1764562	69.28184146	339550000	75.45555556	49.671	Typhi	71
ERR360618	59.71753825	294036600	65.34146667	41.884	Typhi	63
ERR1891573	60.29186883	300477000	66.77266667	42.072	Typhi	62
ERR360594	56.30759339	293002600	65.11168889	38.594	Typhi	60
ERR338011	72.73224203	359519400	79.8932	45.014	Typhi	76
ERR352316	53.11664622	261048800	58.01084444	35.544	Typhi	56
ERR1788784	42.94874504	211573500	47.01633333	31.58	Typhi	44
ERR352301	59.53395181	294277600	65.39502222	39.671	Typhi	63
ERR1764747	78.11135473	382566750	85.01483333	55.257	Typhi	80
ERR357810	64.38227799	318616200	70.8036	42.357	Typhi	69
ERR1791810	68.54115658	333196750	74.04372222	46.889	Typhi	70
ERR594562	93.91152719	567050877	126.011306	81.588	Typhi	116
ERR1791861	77.79890506	381650500	84.81122222	55.972	Typhi	80
ERR279110	103.8825407	511762000	113.7248889	65.527	Typhi	108.7
ERR352483	76.18571556	377819000	83.95977778	53.059	Typhi	80
ERR1764843	67.08103057	327304000	72.73422222	49	Typhi	69
ERR1764531	68.77456609	336939250	74.87538889	49.794	Typhi	71
ERR1764881	59.20442762	289971500	64.43811111	43.794	Typhi	61
ERR460322	106.5025376	529785000	117.73	67.324	Typhi	110.85
ERR331226	83.02243755	420528000	93.45066667	55.169	Typhi	89.64
ERR1764557	70.1097752	342763500	76.16966667	50.412	Typhi	72
ERR591100	97.69139227	507356000	112.7457778	62.338	Typhi	99.48
ERR586796	107.7855277	533367800	118.5261778	68.493	Typhi	110.93
ERR349363	47.34649266	236301800	52.51151111	30.838	Typhi	48.99
ERR338027	72.60438566	359627200	79.91715556	46.391	Typhi	75.78
ERR349411	46.95298664	230396000	51.19911111	32.338	Typhi	49.88
ERR338128	97.59359119	485192800	107.8206222	61.614	Typhi	102.17
ERR353339	71.76570465	355515400	79.00342222	49.471	Typhi	73.79
ERR1556249	232.9536961	1156237000	256.9415556	161.216	Typhi	243
ERR1764840	66.4813001	323170250	71.81561111	48.382	Typhi	68
ERR1764708	74.72383827	368200750	81.82238889	52.183	Typhi	77
ERR1764553	78.49619144	383987500	85.33055556	55.75	Typhi	81
ERR439178	87.04439496	432943000	96.20955556	55.792	Typhi	91
ERR1764880	66.84151484	327092000	72.68711111	48.971	Typhi	69
ERR314360	101.0932058	505288000	112.2862222	66.214	Typhi	106.3
ERR352417	64.80550139	318291000	70.73133333	45.765	Typhi	67
ERR1764885	70.47980562	342591750	76.1315	50.088	Typhi	72
ERR731345	83.68226092	413612200	91.91382222	54.282	Typhi	88
ERR1764658	71.56925389	349866000	77.748	50.797	Typhi	73
ERR357803	63.28253702	312579200	69.46204444	42.145	Typhi	65.81
ERR338091	115.4795492	573350400	127.4112	72	Typhi	121.21
ERR338146	96.65919331	479031600	106.4514667	62.069	Typhi	101.19
ERR357798	63.48000379	314482000	69.88488889	42.871	Typhi	67.31
ERR337983	69.0002017	362270200	80.50448889	40.103	Typhi	77
ERR2789253	164.7796457	835060250	185.5689444	119.382	Typhi	172
ERR338044	79.39209097	389896800	86.64373333	51.606	Typhi	82.8
ERR1764546	68.93017375	337844750	75.07661111	49.652	Typhi	71
ERR326676	77.84495274	394423200	87.6496	54.029	Typhi	84
ERR360462	58.08157288	288957600	64.2128	40.809	Typhi	60.98
ERR360513	52.77603499	278018600	61.78191111	36.029	Typhi	56.54
ERR279139	82.19399123	409090200	90.90893333	53.7	Typhi	86.34
ERR1764823	64.51491328	324391000	72.08688889	47.362	Typhi	67
ERR1010040	127.8605313	642337000	142.7415556	83.435	Typhi	132
ERR360541	63.06719557	309276200	68.72804444	43.159	Typhi	66
ERR1791805	71.57170282	348533250	77.45183333	51.203	Typhi	73
ERR349569	53.91403206	263358400	58.52408889	36.391	Typhi	54.9
ERR1764757	73.19737715	370525500	82.339	53.797	Typhi	75
ERR360950	60.90163228	314202400	69.82275556	42.362	Typhi	65
ERR1764657	69.30940165	338365000	75.19222222	50.652	Typhi	71
ERR331334	72.27046704	367114800	81.58106667	51.435	Typhi	78
ERR352558	62.44754262	308357800	68.52395556	42.809	Typhi	67
ERR1788907	54.50468524	264263250	58.72516667	41.319	Typhi	56
ERR586899	97.46941643	525777800	116.8395111	65.261	Typhi	105
ERR326682	84.17981479	424325000	94.29444444	55.365	Typhi	90
ERR1791767	70.24104618	342882750	76.19616667	50	Typhi	72
ERR1788749	55.60675682	270289500	60.06433333	40.754	Typhi	57
ERR331309	65.35439902	323538800	71.89751111	42.62	Typhi	68.37
ERR422745	56.9536978	278391200	61.86471111	38.574	Typhi	58.66
ERR338036	66.73979385	337287200	74.95271111	42.69	Typhi	70.97
ERR1791778	61.32464275	301506250	67.00138889	43.286	Typhi	63
ERR213272	327.1598634	1644277200	365.3949333	200.892	Typhi	347
ERR1764679	64.70144064	315936750	70.20816667	46.754	Typhi	66
ERR1764771	66.70031256	327686250	72.81916667	48.657	Typhi	69
ERR337979	85.94279666	442175800	98.26128889	56.648	Typhi	91
ERR1791786	83.22902049	412110500	91.58011111	63.088	Typhi	86
ERR1791859	78.80061829	384208500	85.37966667	57.943	Typhi	81
ERR331248	99.3819091	515346600	114.5214667	60.243	Typhi	107.98
ERR279190	92.66648895	455729800	101.2732889	60.486	Typhi	96.81
ERR331257	80.4179685	418024400	92.89431111	52.188	Typhi	88.13
ERR1788772	47.35013247	229559750	51.01327778	35.014	Typhi	49
ERR1764775	57.69744629	282715750	62.82572222	42.559	Typhi	59
ERR460346	93.61323296	466068800	103.5708444	62.814	Typhi	99.4
ERR357478	69.85906763	345122400	76.69386667	48.551	Typhi	74
ERR1764653	64.79317273	320706250	71.26805556	46.304	Typhi	66
ERR352339	59.01007249	295594400	65.68764444	38.609	Typhi	63
ERR349412	43.88098095	215696800	47.93262222	28.014	Typhi	46.82
ERR279161	111.4503005	548198600	121.8219111	73.205	Typhi	116.45
ERR1764745	59.95642558	292431250	64.98472222	44.824	Typhi	61
ERR279169	121.2135845	615119200	136.6931556	83.681	Typhi	125.58
ERR1764799	61.03469697	296680250	65.92894444	44.214	Typhi	63
ERR338035	85.81261966	423318400	94.07075556	54.901	Typhi	89.8
ERR343316	38.09309889	186026000	41.33911111	26.412	Typhi	40
ERR331323	75.44680047	371224800	82.4944	50.113	Typhi	78.9
ERR338132	94.83497008	490086600	108.9081333	60.333	Typhi	99.11
ERR326607	83.49506315	432639400	96.14208889	56.9	Typhi	92
ERR586890	98.93604083	519501800	115.4448444	63.861	Typhi	104
ERR360503	55.05229217	274010000	60.89111111	36.623	Typhi	57.74
ERR1764533	71.31653905	353792750	78.62061111	49.771	Typhi	74
ERR319495	56.11420727	288983200	64.21848889	38.343	Typhi	59
ERR1764710	72.55924814	354632250	78.80716667	53.074	Typhi	75
ERR1764655	68.90079469	334919500	74.42655556	50.928	Typhi	71
ERR360650	55.17764742	272128200	60.47293333	36.648	Typhi	58
ERR349405	41.91389856	205194000	45.59866667	26.914	Typhi	44.56
ERR331349	67.46266248	340620800	75.69351111	46.412	Typhi	72
ERR1764551	67.61201671	330580750	73.46238889	49.188	Typhi	69
ERR1791804	74.56301376	366300250	81.40005556	55.271	Typhi	77
ERR460341	89.46436802	446846000	99.29911111	57.5	Typhi	92.79
ERR314318	93.81526863	467818000	103.9595556	56.603	Typhi	99
ERR352475	67.06881731	328061800	72.90262222	43.925	Typhi	71
ERR352458	69.1115662	339883800	75.52973333	46.174	Typhi	71.89
ERR1764726	57.65136055	283971500	63.10477778	42.382	Typhi	59
ERR422790	49.31212382	243915000	54.20333333	33.565	Typhi	51.34
ERR1788819	45.4514434	220183750	48.92972222	32.725	Typhi	46
ERR586898	96.15287697	512383800	113.8630667	61.2	Typhi	102
ERR338077	84.8094841	420789200	93.50871111	54.394	Typhi	88.96
ERR338122	98.74448835	499055400	110.9012	61.514	Typhi	103.25
ERR1764705	77.96978189	381883750	84.86305556	58.942	Typhi	80
ERR360649	55.47232325	282170800	62.70462222	37.855	Typhi	59.29
ERR1764541	72.0369783	359499000	79.88866667	54.426	Typhi	74
ERR331275	90.47372665	456630800	101.4735111	55.944	Typhi	96.55
ERR360626	49.65505547	245684200	54.59648889	32.725	Typhi	52
ERR338001	68.37694241	336069000	74.682	44.2	Typhi	72
ERR1791807	72.82536816	353713750	78.60305556	53.647	Typhi	75
ERR1764834	72.18839614	352618000	78.35955556	52.319	Typhi	74
ERR467095	99.81751981	517368000	114.9706667	62.107	Typhi	108.13
ERR460335	98.31046548	493623000	109.694	61.333	Typhi	103
ERR662779	198.9257115	1023911600	227.5359111	127.319	Typhi	204.79
ERR352487	65.11042252	322504600	71.66768889	42.371	Typhi	67
ERR1764795	64.76268846	324023000	72.00511111	47.779	Typhi	67
ERR1764826	61.82566842	305469750	67.88216667	44.414	Typhi	63
ERR343359	42.59699208	208762600	46.39168889	28.956	Typhi	1
ERR357757	60.62847759	299023000	66.44955556	41.739	Typhi	63.07
ERR1010002	99.65268286	497817600	110.6261333	64.957	Typhi	102
ERR467086	73.10405243	381726800	84.82817778	49.406	Typhi	79.62
ERR338033	64.1876438	317780200	70.61782222	39.64	Typhi	67.62
ERR1791788	63.14536486	310118500	68.91522222	46.294	Typhi	65
ERR360382	58.34145173	294627200	65.47271111	40.544	Typhi	63.27
ERR357463	67.85361019	333316600	74.07035556	44.38	Typhi	70.55
ERR460301	115.4524756	574660400	127.7023111	76.043	Typhi	119.12
ERR460337	93.12858624	464933600	103.3185778	58	Typhi	97
ERR360810	44.25163063	218001000	48.44466667	30.632	Typhi	45.89
ERR352467	65.85177635	325969200	72.4376	43.145	Typhi	69
ERR586740	72.25422553	394662200	87.70271111	47.913	Typhi	77.42
ERR422701	59.830187	295670200	65.70448889	41.855	Typhi	61.36
ERR360655	53.97289229	265513400	59.00297778	36.87	Typhi	56.43
ERR1791780	76.92663105	375596250	83.46583333	56.086	Typhi	79
ERR460342	88.37588149	438120200	97.36004444	57.886	Typhi	91.68
ERR1791798	69.69406827	338834000	75.29644444	50.333	Typhi	72
ERR331311	74.94245875	369627400	82.13942222	47.356	Typhi	78.55
ERR460336	91.95224158	456149800	101.3666222	59.029	Typhi	96
ERR360557	61.89027699	322132800	71.58506667	41.406	Typhi	66.13
ERR422838	50.43890139	249082400	55.35164444	33.926	Typhi	51.94
ERR1837160	163.8841121	809649750	179.9221667	110.778	Typhi	170
ERR349526	50.30428358	250395000	55.64333333	34.783	Typhi	51.33
ERR1010019	86.63131974	427276400	94.95031111	54.37	Typhi	89
ERR349381	45.33944863	231737600	51.49724444	28.652	Typhi	49
ERR352368	86.91845478	427783200	95.06293333	57.629	Typhi	89.37
ERR1764828	67.49107836	329903000	73.31177778	48.441	Typhi	69
ERR2059823	83.48994882	487902478	108.4227729	62.634	Typhi	100
ERR337998	75.84788888	372562000	82.79155556	49.809	Typhi	80
ERR357426	69.74067303	346159200	76.92426667	47.841	Typhi	71.94
ERR586736	91.81395672	455771400	101.2825333	58.111	Typhi	96
ERR2789278	169.0567003	870087000	193.3526667	118.957	Typhi	178
ERR1764766	72.79275185	356704000	79.26755556	54.441	Typhi	75
ERR1764820	63.00102827	311059250	69.12427778	45.609	Typhi	64
ERR1764674	75.62854621	370079000	82.23977778	55.382	Typhi	78
ERR1764773	65.74868981	326963750	72.65861111	46.836	Typhi	67
ERR1837193	173.532894	858723250	190.8273889	124.465	Typhi	182
ERR360408	49.67516428	246255200	54.72337778	34.333	Typhi	54
ERR594544	120.274263	609308541	135.401898	77.671	Typhi	123
ERR1764759	75.27065647	368151500	81.81144444	52.718	Typhi	77
ERR1764697	66.37912123	325219750	72.27105556	47.232	Typhi	68
ERR357473	66.95554474	327228200	72.71737778	45.985	Typhi	70
ERR1791794	79.80765317	393369750	87.4155	57.652	Typhi	82
ERR460333	109.6199268	547855000	121.7455556	70.486	Typhi	113.82
ERR591102	107.1237553	548438600	121.8752444	69.829	Typhi	109.65
ERR360402	50.63048174	250680000	55.70666667	35.1	Typhi	55
ERR331244	103.6778442	539894600	119.9765778	60.385	Typhi	113.92
ERR352585	64.86890577	317329200	70.5176	44.147	Typhi	68.65
ERR360961	67.58229517	357529000	79.45088889	42.897	Typhi	72.92
ERR331363	69.72553195	345258400	76.72408889	45.829	Typhi	74
ERR326671	74.9648938	368116400	81.80364444	50.449	Typhi	78
ERR357604	70.72848431	359227400	79.82831111	49.029	Typhi	73
ERR349632	52.53190316	258972000	57.54933333	36.246	Typhi	54.95
ERR1764750	64.02488482	313118500	69.58188889	46.926	Typhi	66
ERR591099	102.1271512	511591200	113.6869333	66.014	Typhi	105
ERR1837271	162.3470699	797772750	177.2828333	116	Typhi	168
ERR343309	37.89878909	185163600	41.14746667	24.632	Typhi	40
ERR108681	84.48250866	421491800	93.66484444	57.768	Typhi	89
ERR331219	102.0981361	537500800	119.4446222	64.027	Typhi	113.75
ERR1764538	64.45441073	315610500	70.13566667	45.348	Typhi	66
ERR352950	73.13763317	359273200	79.83848889	50.971	Typhi	77
ERR1764569	78.98649293	389626250	86.58361111	57.186	Typhi	81
ERR331371	70.83560305	350706600	77.9348	46.394	Typhi	74
ERR2789267	167.5247678	832776000	185.0613333	116.271	Typhi	174
ERR1764798	58.50915682	285088750	63.35305556	42.353	Typhi	60
ERR460348	103.4946712	526342000	116.9648889	67.873	Typhi	107.64
ERR338161	69.982452	383082800	85.12951111	45.901	Typhi	78
ERR331287	91.71521533	457154200	101.5898222	59.608	Typhi	96.64
ERR314372	59.34972158	294257000	65.39044444	37.329	Typhi	63
ERR360420	53.5901275	265122800	58.91617778	37.147	Typhi	58
ERR340782	134.9941716	675941400	150.2092	81.613	Typhi	141.55
ERR1791823	70.16770135	344958750	76.6575	51.662	Typhi	72
ERR1764565	61.09371585	298656250	66.36805556	43.721	Typhi	63
ERR1082892	143.042882	703195000	156.2655556	105.116	Typhi	148
ERR338071	79.19652666	405290200	90.06448889	51.286	Typhi	83.77
ERR1764787	67.64567438	330552250	73.45605556	48.809	Typhi	70
ERR331296	81.61986963	413163600	91.81413333	53.903	Typhi	85.06
ERR1837213	174.0675734	857877500	190.6394444	124.789	Typhi	180
ERR343279	39.69788484	193901400	43.0892	28.029	Typhi	1
ERR331256	224.9855984	1235866000	274.6368889	127.61	Typhi	260
ERR352277	57.81480866	289905000	64.42333333	39.169	Typhi	60.26
ERR226501	104.8674088	530145400	117.8100889	68.449	Typhi	108.28
ERR331233	85.42680354	439116200	97.58137778	56.183	Typhi	93
ERR343295	38.34321757	187451800	41.65595556	25.676	Typhi	39.62
ERR1791819	76.05727737	372134000	82.69644444	54.696	Typhi	78
ERR1837218	164.3824597	804067250	178.6816111	117.743	Typhi	170
ERR1764558	70.07664424	343632750	76.36283333	50.618	Typhi	72
ERR360804	50.71605084	248411600	55.20257778	37.691	Typhi	52.62
ERR338023	76.41843201	379297200	84.28826667	47.847	Typhi	79.78
ERR573926	76.2225693	377875500	83.97233333	59.268	Typhi	79.83
ERR279145	117.8959232	584746600	129.9436889	74.729	Typhi	125
ERR1764809	64.19993961	325955250	72.4345	47.206	Typhi	66
ERR2213857	222.7277064	1107077250	246.0171667	148.853	Typhi	230
ERR331336	60.31266738	327987000	72.886	36.803	Typhi	67
ERR1764707	69.19833285	338455500	75.21233333	48.529	Typhi	71
ERR279352	132.1500564	655246000	145.6102222	84.236	Typhi	138.39
ERR360491	66.25908742	328719600	73.0488	45.632	Typhi	70
ERR1764704	74.53100423	365575500	81.239	54.338	Typhi	77
ERR340801	165.3398385	816225800	181.3835111	100.528	Typhi	173
ERR1764661	58.04429411	284022250	63.11605556	43.471	Typhi	60
ERR352303	62.13173802	303606800	67.46817778	42	Typhi	65
ERR360499	55.85470272	277412800	61.64728889	37.853	Typhi	59
ERR331217	95.05267	487864800	108.4144	56.84	Typhi	107
ERR460320	107.4270578	539360800	119.8579556	67.634	Typhi	111.83
ERR460340	102.6349914	510599200	113.4664889	65.25	Typhi	106.62
ERR1764765	65.10417949	318468250	70.77072222	47.186	Typhi	67
ERR2213822	218.603781	1077911500	239.5358889	148.187	Typhi	227
ERR1764772	74.40476898	367482000	81.66266667	53.3	Typhi	76
ERR586805	102.8400139	517539400	115.0087556	67.841	Typhi	107.58
ERR1764866	65.90130332	322825500	71.739	46.159	Typhi	67
ERR460349	105.5974587	523901600	116.4225778	68.536	Typhi	110.76
ERR1764678	64.90009185	319855500	71.079	46.62	Typhi	67
ERR343254	37.73145414	183455200	40.76782222	25.551	Typhi	39.83
ERR360780	50.42849868	255178200	56.70626667	34.985	Typhi	52
ERR360977	89.37122048	463772000	103.0604444	60.377	Typhi	93.83
ERR360673	67.94252758	335161400	74.48031111	48.147	Typhi	72
ERR1764835	65.66021784	327059750	72.67994444	47.971	Typhi	68
ERR331246	90.92035474	511298600	113.6219111	55.513	Typhi	108.18
ERR279141	100.9424831	496834400	110.4076444	65.625	Typhi	105.6
ERR1788809	42.98479924	210269500	46.72655556	31.243	Typhi	44
ERR1764825	64.69846874	316178250	70.26183333	47.333	Typhi	66
ERR331285	84.43864666	429728200	95.49515556	50.662	Typhi	91
ERR360747	49.59101687	245784200	54.61871111	34.309	Typhi	53
ERR357825	56.6113463	276992400	61.55386667	37.647	Typhi	60
ERR360608	54.42459353	269526800	59.89484444	37.406	Typhi	57
ERR1764824	67.57881443	328585000	73.01888889	48	Typhi	69
ERR1764791	59.45260995	290978500	64.66188889	44.382	Typhi	61
ERR331339	62.69140599	308518800	68.55973333	41.211	Typhi	66
ERR326660	96.9874584	477600400	106.1334222	63.014	Typhi	102
ERR338065	67.57417171	334818200	74.40404444	46.25	Typhi	70.75
ERR420421	88.3759524	447747800	99.49951111	54.514	Typhi	94.03
ERR357606	63.84331749	314426400	69.87253333	43.754	Typhi	66
ERR352324	64.33055932	319911800	71.09151111	44.691	Typhi	67
ERR1791772	73.39441597	369316500	82.07033333	53.159	Typhi	77
ERR352512	71.23001424	350833400	77.96297778	45.7	Typhi	74.16
ERR1764837	63.51982195	309834500	68.85211111	46.25	Typhi	65
ERR331284	90.72750781	452551800	100.5670667	57.883	Typhi	96
ERR1764724	63.21838364	311781000	69.28466667	47.235	Typhi	65
ERR352409	68.14062919	338512000	75.22488889	45.414	Typhi	70
ERR1764877	73.27383507	358142250	79.58716667	53.42	Typhi	75
ERR1764709	76.89761443	376314750	83.6255	55.868	Typhi	80
ERR213264	211.0195892	1073619000	238.582	128.932	Typhi	225
ERR357761	64.04726019	314703600	69.93413333	44.275	Typhi	66.76
ERR314358	98.20367259	487296000	108.288	62.658	Typhi	103
ERR357819	69.90256968	343869000	76.41533333	47.696	Typhi	73
ERR2789296	181.7675162	933377250	207.4171667	122.74	Typhi	192
ERR1764675	68.46420811	334713000	74.38066667	49.928	Typhi	70
ERR279234	101.3890856	503234200	111.8298222	69.603	Typhi	109.59
ERR352697	53.60153062	270466800	60.10373333	35.75	Typhi	54.8
ERR1764762	76.42298593	375973000	83.54955556	55.075	Typhi	80
ERR1788807	50.55010494	246916000	54.87022222	37.132	Typhi	52
ERR213273	279.5707534	1406504600	312.5565778	175.787	Typhi	297
ERR349498	44.09012324	217936000	48.43022222	30.25	Typhi	45.57
ERR2789209	181.1921025	896158000	199.1462222	128.514	Typhi	188
ERR338049	69.50303065	343652600	76.36724444	41.373	Typhi	72.55
ERR1764660	68.79311575	341674750	75.92772222	49.357	Typhi	70
ERR314384	94.21660594	482584200	107.2409333	59.306	Typhi	102
ERR360381	61.381189	302130800	67.14017778	42.797	Typhi	65.99
ERR314356	105.1285559	521944400	115.9876444	61.811	Typhi	110.76
ERR586897	100.770343	513992000	114.2204444	67.286	Typhi	107
ERR1764685	55.34782244	271206500	60.26811111	39.565	Typhi	57
ERR338134	75.94551425	396633000	88.14066667	47.534	Typhi	80.19
ERR331279	94.9503019	482820800	107.2935111	61.361	Typhi	102
ERR331230	94.80018058	501516000	111.448	62.652	Typhi	105.79
ERR594545	134.0010389	670326217	148.9613816	87.986	Typhi	135
ERR1764786	65.03243622	317260250	70.50227778	47.191	Typhi	67
ERR352481	63.35362423	311456800	69.21262222	43.884	Typhi	66
ERR331325	74.07950677	382196800	84.93262222	54.333	Typhi	81
ERR1764886	64.2736238	320306750	71.17927778	47.868	Typhi	66
ERR331328	68.69731383	365126800	81.13928889	49.667	Typhi	75
ERR460319	106.1252951	562859800	125.0799556	67.403	Typhi	116.29
ERR340775	131.807612	677507200	150.5571556	77.526	Typhi	143.23
ERR422837	55.45184909	272978200	60.66182222	36.826	Typhi	57.62
ERR213274	307.7503224	1539952400	342.2116444	179.705	Typhi	327
ERR331307	66.37475673	326590200	72.5756	41.694	Typhi	69.4
ERR1791801	78.51983422	384113000	85.35844444	55.928	Typhi	81
ERR360813	43.41838917	212056400	47.12364444	31.721	Typhi	46
ERR331210	98.00232895	517755600	115.0568	64.194	Typhi	113
ERR578473	99.20777923	571520991	127.0046647	77.197	Typhi	115
ERR1010005	96.44297018	479472000	106.5493333	64.38	Typhi	99
ERR1764817	64.13679412	317509750	70.55772222	45.824	Typhi	66
ERR357831	60.03398019	301394200	66.97648889	42.676	Typhi	64
ERR1764861	62.82633259	307314500	68.29211111	44.657	Typhi	64
ERR1764796	66.89772505	326290000	72.50888889	48.294	Typhi	69
ERR338072	86.6773641	439694600	97.70991111	57.275	Typhi	90.87
ERR340778	217.7780888	1100397800	244.5328444	136.701	Typhi	231
ERR467101	85.87816438	454881000	101.0846667	55.792	Typhi	94.3
ERR360683	64.12955837	318727000	70.82822222	44.956	Typhi	69
ERR360695	64.61081751	317898200	70.64404444	43.056	Typhi	68
ERR352539	68.72291272	337173200	74.92737778	46.071	Typhi	73.35
ERR349523	52.34795095	265922200	59.09382222	36.232	Typhi	53.85
ERR331357	63.70385422	332253600	73.83413333	37.634	Typhi	71
ERR331373	71.52590883	354451000	78.76688889	45.722	Typhi	75
ERR460227	109.4987574	546742800	121.4984	69.803	Typhi	113.6
ERR1791815	68.593471	335511500	74.55811111	50.25	Typhi	71
ERR326611	67.14331955	340605000	75.69	42.356	Typhi	72
ERR360429	51.41181197	263435000	58.54111111	35.735	Typhi	1
ERR326668	66.95653059	329538200	73.23071111	44.652	Typhi	70
ERR338051	82.43200063	408196400	90.71031111	52.192	Typhi	86.24
ERR338070	104.7309097	535828800	119.0730667	65.958	Typhi	110.71
ERR360644	64.30494234	317569400	70.57097778	43.391	Typhi	68
ERR316948	74.34813831	376321000	83.62688889	48.457	Typhi	79.04
ERR357796	48.71850913	241952400	53.7672	33.735	Typhi	51
ERR1764668	66.13100648	322248000	71.61066667	47.899	Typhi	68
ERR352613	53.05910664	268032000	59.56266667	35.647	Typhi	55.9
ERR460321	108.9447929	542510000	120.5577778	70.563	Typhi	112.99
ERR360684	58.24032774	285616600	63.47035556	38.829	Typhi	62
ERR439166	94.43956451	464855600	103.3012444	59.458	Typhi	96.62
ERR340757	110.3235513	562578000	125.0173333	71.736	Typhi	113.67
ERR338140	89.66147755	464347600	103.1883556	57.028	Typhi	93.87
ERR485138	82.0445139	413148400	91.81075556	56.522	Typhi	84
ERR331330	64.56639115	332291200	73.84248889	38.452	Typhi	71
ERR1764732	63.43060721	315954000	70.212	46.118	Typhi	66
ERR1791787	75.58075577	367307750	81.62394444	53.857	Typhi	78
ERR460327	85.960228	430127400	95.58386667	55.125	Typhi	90.09
ERR357800	65.08877807	320687200	71.26382222	45.588	Typhi	68
ERR731358	95.57459758	469699200	104.3776	65.735	Typhi	103
ERR230406	67.23346712	342360600	76.08013333	45.324	Typhi	71
ERR338043	78.55555364	385943000	85.76511111	48.417	Typhi	81.99
ERR1788877	49.90551663	243427500	54.095	37.265	Typhi	51
ERR1764784	55.12269421	272415250	60.53672222	41.221	Typhi	56
ERR349347	49.44590591	249295800	55.39906667	34.294	Typhi	52.04
ERR360555	49.75507903	259512800	57.66951111	33.515	Typhi	53
ERR1764702	55.63772518	273846000	60.85466667	41.955	Typhi	58
ERR1764849	65.55646151	321232000	71.38488889	46.435	Typhi	67
ERR349571	47.6002628	241686400	53.70808889	32.838	Typhi	47.52
ERR1788777	53.19949753	258470750	57.43794444	40.132	Typhi	54
ERR331316	81.57157701	407620600	90.58235556	52.348	Typhi	85.25
ERR352494	65.14586954	320316800	71.18151111	43.779	Typhi	68
ERR326646	89.94127223	480317000	106.7371111	58.62	Typhi	102
ERR331359	73.40714222	370616800	82.35928889	47.197	Typhi	78
ERR326681	71.70414451	360159200	80.03537778	43.493	Typhi	76
ERR1764670	72.81474066	365627250	81.2505	53.691	Typhi	77
ERR360620	61.87870898	308704800	68.60106667	42.029	Typhi	65
ERR1764683	65.05035686	321703500	71.48966667	45.29	Typhi	67
ERR460317	111.5870165	591475400	131.4389778	72.085	Typhi	118.73
ERR1764543	67.06657549	328712750	73.04727778	48.868	Typhi	69
ERR1082367	140.3772533	688812500	153.0694444	103.406	Typhi	145
ERR2789244	163.4762132	831244750	184.7210556	108.699	Typhi	170
ERR1791808	75.38374419	366207250	81.37938889	53.429	Typhi	77
ERR331313	77.08706067	384064400	85.34764444	52.571	Typhi	81.19
ERR1764662	63.25201615	314602500	69.91166667	43.87	Typhi	65
ERR1764760	55.95411243	278814750	61.95883333	40.925	Typhi	59
ERR1764671	69.02653941	338880750	75.30683333	49.246	Typhi	71
ERR331290	83.64408113	418548000	93.01066667	53.444	Typhi	88.38
ERR331319	91.25405793	452754600	100.6121333	60.71	Typhi	95.68
ERR108678	71.19120294	356628000	79.25066667	49.643	Typhi	76
ERR279207	99.65581051	501416000	111.4257778	63.521	Typhi	104.91
ERR326659	96.94137558	495588800	110.1308444	64.183	Typhi	104
ERR279140	99.66268922	496638600	110.3641333	64.486	Typhi	103.76
ERR467102	102.4581294	532609600	118.3576889	68.592	Typhi	111.28
ERR360436	56.97057581	282008800	62.66862222	40.235	Typhi	61.36
ERR460302	114.8327378	573720200	127.4933778	73.507	Typhi	120
ERR353336	87.46013162	432959200	96.21315556	60.319	Typhi	90.29
ERR337981	72.15735853	400787800	89.06395556	46.863	Typhi	85
ERR1764846	59.68150734	297949250	66.21094444	42.486	Typhi	62
ERR1791853	78.2300342	386832500	85.96277778	57.059	Typhi	80
ERR439216	98.7292539	488013200	108.4473778	66.565	Typhi	101.94
ERR343302	39.17922902	191539000	42.56422222	26.757	Typhi	41
ERR1764867	61.22625008	302442500	67.20944444	43.514	Typhi	63
ERR331238	101.2985889	541309800	120.2910667	62.957	Typhi	114.2
ERR1082899	133.9302388	659429750	146.5399444	96.614	Typhi	139
ERR326669	68.10442569	333877000	74.19488889	45.485	Typhi	71
ERR352335	64.98452102	321772600	71.50502222	44.838	Typhi	67.66
ERR586803	104.874939	525325400	116.7389778	69.529	Typhi	109.22
ERR573962	66.92911242	332022600	73.7828	50.143	Typhi	70.04
